# Created by Octave 5.2.0, Wed Aug 26 22:23:11 2020 CST <pannenetsf@manjaro>
# name: a
# type: matrix
# rows: 30
# columns: 40
 14 156 73 143 168 93 89 182 118 141 159 6 107 140 131 80 14 54 165 59 33 44 35 32 11 197 25 144 19 47 155 176 42 160 192 160 130 82 116 153
 134 128 87 173 151 157 55 145 19 31 21 83 88 186 54 3 64 188 48 58 130 63 196 187 150 11 155 190 184 128 197 120 20 14 118 59 98 154 159 33
 18 31 135 190 50 78 10 176 23 101 42 41 19 146 81 24 88 57 117 160 167 158 92 2 113 76 35 64 28 3 49 29 110 83 94 83 134 164 71 91
 15 124 124 183 107 129 169 1 55 122 171 198 117 123 39 198 17 85 54 193 51 88 104 142 127 49 142 136 51 137 25 133 76 86 40 85 137 53 34 11
 148 50 45 8 146 37 30 32 3 15 19 131 194 190 188 14 150 24 58 104 138 143 82 3 153 141 53 36 50 194 169 27 24 34 155 83 104 130 177 1
 77 60 48 71 119 182 27 162 113 198 91 127 54 65 52 54 99 64 45 81 115 26 100 166 125 121 42 49 56 139 113 156 14 57 63 59 140 89 69 57
 189 44 67 182 25 12 123 48 114 45 187 180 55 117 55 76 23 102 30 37 44 78 30 147 117 147 82 39 160 139 147 123 2 49 114 25 179 168 13 162
 44 79 27 106 29 183 150 134 30 192 165 116 176 186 51 76 25 27 142 194 87 181 178 180 48 19 191 130 51 54 157 200 121 5 179 9 99 186 200 144
 156 165 89 99 54 33 54 197 95 127 1 44 55 176 103 48 156 139 136 22 87 67 49 100 142 73 188 199 31 180 76 110 27 199 47 186 161 76 177 17
 50 17 25 168 1 164 140 79 40 62 17 24 5 40 123 97 83 75 57 69 196 172 62 97 48 170 27 92 78 35 82 151 122 120 19 149 190 56 114 37
 150 44 43 157 173 120 76 91 17 80 160 4 147 53 107 168 169 177 70 200 105 19 22 141 109 163 107 27 141 135 188 129 186 43 148 139 59 131 78 72
 4 135 99 98 50 198 146 16 146 96 199 24 184 161 61 182 30 36 48 85 6 199 28 168 150 96 143 124 101 2 2 4 10 191 31 173 127 153 31 97
 3 147 80 151 39 49 113 18 200 66 16 40 147 139 32 189 155 135 195 119 107 172 26 51 122 59 107 104 97 159 67 148 111 24 173 172 105 34 147 22
 176 77 172 1 154 34 35 114 176 16 64 189 181 133 100 200 27 40 59 31 106 159 172 3 36 106 128 136 20 8 135 13 101 192 136 51 155 158 160 173
 56 100 57 123 185 39 190 79 19 28 16 46 34 88 85 146 55 152 134 48 139 61 26 166 140 124 82 163 81 151 163 76 181 148 150 87 126 190 198 176
 28 53 143 127 3 149 59 80 117 177 45 32 124 178 157 137 119 92 164 59 40 52 195 8 32 17 127 16 155 37 101 81 33 45 75 155 49 145 108 89
 133 93 138 6 170 24 90 109 142 139 186 140 128 80 157 65 146 41 147 23 63 62 97 95 119 151 108 111 31 10 153 155 198 185 152 37 176 27 184 188
 129 4 132 88 92 115 60 65 45 47 70 25 16 106 123 148 19 159 155 72 54 67 197 153 33 183 185 133 176 88 126 46 41 34 136 154 17 168 77 129
 188 47 180 195 14 11 57 152 18 108 118 58 93 46 165 98 49 138 163 111 4 17 86 166 190 77 48 111 184 164 132 193 140 81 83 47 143 117 68 172
 14 53 123 117 155 2 165 95 42 169 25 186 22 180 175 152 198 139 132 29 49 103 157 134 87 44 73 84 19 167 1 113 27 89 44 164 48 153 167 186
 190 150 65 149 48 180 70 16 67 155 29 3 106 153 9 85 136 70 49 71 116 77 97 41 150 55 99 106 165 156 26 84 96 156 73 101 30 170 164 15
 143 40 89 46 110 101 188 53 134 164 22 74 189 67 10 25 104 139 96 193 31 76 41 71 158 58 48 153 118 145 111 85 152 39 176 76 174 75 139 91
 178 141 66 25 119 20 145 177 179 103 11 40 65 157 4 2 168 102 74 29 11 182 165 97 26 192 68 194 99 74 198 124 86 18 35 110 144 175 66 165
 52 16 169 139 98 39 32 28 11 175 180 175 8 185 8 98 69 86 196 144 50 115 71 165 47 102 152 196 59 50 175 131 186 154 200 20 170 137 68 19
 62 199 166 19 103 175 1 110 105 70 186 39 197 48 140 104 58 112 27 120 131 147 83 112 46 172 100 118 44 54 197 199 136 133 52 74 144 174 47 72
 81 141 120 125 124 10 198 170 120 149 7 174 47 62 142 73 31 146 58 139 89 5 117 18 54 151 87 69 167 28 21 6 135 76 98 126 149 9 49 20
 13 10 118 150 119 157 157 109 29 185 142 198 185 25 131 130 75 65 138 161 28 14 154 97 103 67 4 177 30 15 89 9 161 64 193 122 186 157 192 153
 89 75 42 45 132 118 83 117 5 149 117 118 31 182 118 178 71 1 141 168 171 120 74 72 123 138 2 135 124 21 113 168 163 143 56 65 88 21 107 155
 84 92 40 173 136 1 161 12 72 136 178 143 114 48 31 84 180 63 5 185 135 183 5 22 117 128 72 7 79 108 177 61 40 193 69 191 2 5 170 63
 199 148 49 155 63 177 40 181 152 38 184 135 2 150 143 114 95 58 105 13 173 76 129 142 14 77 68 175 195 187 157 13 166 146 119 197 50 54 86 32


