# Created by Octave 5.2.0, Wed Aug 26 22:22:01 2020 CST <pannenetsf@manjaro>
# name: hello
# type: matrix
# rows: 1
# columns: 2
 1 3


